a<-6+7
b<-7=9
c<-b-a